475 975
533 743
304 35
216 891
622 360
766 638
504 246
927 284
531 87
440 439
489 725
580 858
242 827
478 958
476 473
632 999
550 694
262 972
543 334
896 272
682 922
958 675
781 37
837 750
652 765
22 351
90 731
448 112
127 821
676 273
260 315
336 891
274 309
778 664
831 583
731 125
704 868
508 938
542 848
362 969
472 505
415 389
787 704
455 85
274 408
249 326
133 395
445 29
654 393
818 771
723 825
986 353
331 341
964 554
49 893
717 51
432 62
9 897
218 923
387 176
113 87
976 76
948 54
289 995
759 991
860 623
770 577
71 371
299 931
233 406
438 612
171 858
456 645
296 771
559 432
131 803
223 851
869 985
873 993
561 764
425 794
639 560
137 123
370 150
386 79
189 59
52 650
683 436
888 486
710 548
161 782
215 608
962 236
116 889
645 675
694 912
861 31
176 974
457 967
598 199
117 399
254 512
310 453
186 887
501 368
354 293
784 175
313 722
241 59
262 6
162 436
773 538
147 646
347 207
850 534
38 418
615 684
235 435
999 398
685 741
770 932
268 840
912 593
312 308
341 473
599 422
928 546
831 677
138 196
225 622
944 120
873 178
501 989
499 586
135 904
970 148
894 695
892 71
895 922
444 498
792 37
342 913
858 494
634 762
769 541
90 142
420 843
526 740
136 890
16 774
737 919
378 656
825 157
589 355
966 77
52 798
73 874
351 282
832 172
18 324
862 459
329 205
789 434
484 348
735 890
821 26
494 395
926 885
406 702
617 208
50 80
354 467
472 528
383 613
639 452
702 215
266 134
311 311
839 609
936 68
983 193
901 389
71 980
357 83
192 311
484 757
721 998
513 611
818 888
446 869
370 924
607 884
817 220
890 470
876 394
277 189
573 558
731 858
852 858
769 810
820 691
360 573
136 465
126 218
162 512
955 361
43 702
324 894
578 628
346 229
536 699
748 43
266 733
828 989
639 850
167 98
29 38
175 251
131 371
892 970
272 603
301 808
995 231
664 478
456 647
765 281
125 54
763 844
901 670
1000 101
116 948
832 613
449 538
826 320
277 410
589 558
323 715
62 593
708 264
397 211
30 667
215 962
416 757
188 822
105 653
959 15
472 389
495 591
858 723
605 701
