221 24
191 251
367 749
776 699
278 701
729 523
470 957
559 376
156 307
903 906
911 790
269 855
390 998
85 488
196 36
746 51
439 146
707 368
59 909
515 409
547 756
847 924
10 648
139 568
382 226
354 573
780 148
256 340
693 114
461 895
192 718
488 434
112 21
406 763
768 466
196 213
155 231
735 327
9 10
331 314
662 594
326 845
288 908
7 46
862 780
304 75
865 176
820 231
176 93
332 300
340 407
382 491
457 52
655 179
254 119
431 72
415 954
214 525
216 595
764 778
796 912
590 677
312 332
352 911
736 994
562 400
325 858
941 749
315 624
765 516
71 829
995 453
50 165
208 373
112 582
218 959
81 254
965 290
84 704
96 577
943 176
679 984
245 245
133 452
143 550
549 357
899 415
191 223
69 514
155 661
520 594
661 875
223 17
367 957
211 415
328 509
820 95
852 679
176 376
259 776
491 796
617 896
673 597
933 882
16 383
356 16
26 462
917 2
343 708
919 584
127 96
142 200
156 325
545 487
680 662
993 81
904 112
916 12
669 863
868 836
470 610
865 753
774 968
723 885
182 322
408 487
291 576
969 689
35 161
109 228
240 80
73 140
79 540
459 409
202 267
208 423
59 746
751 111
798 715
874 831
844 648
520 324
357 437
335 130
382 758
282 425
493 943
373 33
977 393
176 783
118 767
21 714
587 422
994 790
213 840
695 394
215 739
226 437
246 702
138 124
529 434
644 463
209 429
418 957
777 922
455 768
608 461
931 177
983 284
25 969
181 572
568 332
164 411
651 467
681 206
336 730
509 405
553 751
602 340
875 656
367 443
821 695
600 148
631 793
446 395
261 809
753 965
584 808
138 333
991 140
402 976
280 650
71 917
104 328
950 390
842 923
20 388
467 561
430 990
572 415
14 178
468 0
71 393
979 851
848 362
64 851
984 467
242 700
31 74
177 309
156 463
476 807
424 851
988 913
518 165
95 163
872 590
54 419
913 646
725 923
428 705
237 907
741 402
443 4
958 720
96 247
890 207
714 532
201 507
240 944
209 766
106 231
107 786
751 925
435 480
250 19
5 459
721 725
252 81
434 632
465 220
421 975
193 874
622 687
568 706
970 527
452 461
233 69
108 449
165 621
643 441
421 657
418 621
659 578
645 394
105 390
601 757
357 286
948 829
394 907
600 175
480 369
807 484
486 470
659 918
299 60
694 986
947 876
81 360
652 58
476 854
18 922
881 372
827 106
218 240
444 846
131 728
691 297
758 595
67 651
973 104
585 456
162 548
255 4
695 109
233 398
69 956
