776 942
556 857
243 260
633 493
767 261
907 836
654 710
571 949
862 642
425 806
12 365
582 913
716 715
174 686
145 825
635 678
241 852
846 130
186 251
533 600
135 624
312 737
364 914
76 718
562 634
38 790
378 992
310 920
27 321
204 819
997 411
479 967
451 430
220 906
14 982
31 254
311 787
266 422
776 217
644 728
570 495
936 466
117 540
323 571
10 155
816 588
143 562
160 413
696 408
246 89
398 6
500 905
197 654
594 638
380 169
388 685
640 272
385 325
384 754
291 618
874 559
247 767
535 688
378 101
59 738
322 817
960 132
841 111
744 106
887 237
539 658
784 274
255 902
725 981
911 153
498 242
904 901
977 530
201 681
545 123
50 311
913 793
894 794
841 83
236 693
918 997
88 318
116 445
136 775
559 307
523 451
324 726
603 968
852 304
823 435
21 305
353 829
615 65
386 10
384 885
318 850
999 12
244 380
114 103
369 978
423 863
340 778
949 230
612 584
354 303
435 538
971 215
472 536
549 653
838 982
445 639
609 636
909 645
730 952
639 276
93 872
740 232
827 601
680 346
69 752
351 328
11 694
847 167
218 670
374 40
64 318
33 668
720 100
144 306
840 796
715 65
175 633
63 551
888 872
438 797
828 219
147 329
200 673
998 948
606 504
560 19
728 588
526 124
262 24
857 10
201 313
70 884
309 219
11 728
737 216
792 329
744 857
839 294
922 107
95 576
954 586
543 284
990 188
591 296
738 73
531 401
999 136
750 47
61 81
625 913
320 164
999 12
702 688
510 375
492 341
247 190
44 371
363 496
146 115
245 465
537 802
472 804
196 638
261 296
88 271
152 36
208 72
965 459
688 5
764 25
836 455
106 925
88 423
823 893
899 160
542 843
917 457
213 377
242 607
846 172
578 463
701 722
295 516
820 629
358 290
263 849
337 731
969 822
216 475
965 157
287 527
602 447
73 124
470 27
599 874
682 278
281 317
250 49
78 394
563 136
309 431
602 814
25 310
671 903
688 54
461 164
606 955
827 99
769 917
323 858
762 758
178 881
528 837
55 135
265 748
152 635
471 102
368 514
157 762
626 588
1000 319
529 837
883 668
668 271
657 291
667 865
