774 890
419 566
94 730
774 78
268 923
367 436
690 294
81 56
507 236
425 413
150 191
433 8
762 92
272 865
559 536
845 366
504 437
329 243
969 499
873 559
756 710
525 87
236 244
985 736
567 261
727 477
429 308
753 792
103 666
780 714
150 523
923 62
46 342
475 138
783 80
678 211
224 785
876 797
832 748
752 348
112 89
31 765
103 614
204 643
227 598
601 964
754 525
86 726
191 423
548 599
55 283
883 471
878 398
734 680
199 302
380 939
709 926
42 214
401 821
115 515
43 213
16 99
538 253
4 710
744 817
461 562
626 803
307 581
752 692
414 886
965 171
27 782
180 705
744 908
576 999
913 599
425 117
310 69
700 216
846 187
743 624
154 436
968 9
454 362
507 752
323 188
421 949
475 58
986 891
412 277
720 541
718 249
911 570
921 893
941 499
818 147
744 962
886 185
159 540
175 811
323 343
890 65
118 668
587 377
255 384
122 636
491 747
349 441
661 62
595 988
125 97
511 561
980 724
110 558
842 603
168 997
852 753
531 655
656 618
76 995
32 704
498 581
719 553
23 536
119 302
734 329
936 340
335 492
826 195
102 924
991 323
596 365
510 575
37 436
336 599
163 792
724 356
26 738
976 469
119 465
288 331
841 217
950 202
356 188
161 879
49 85
895 105
762 592
589 358
612 968
79 676
419 116
793 558
872 110
828 898
515 803
743 684
503 134
724 475
936 425
271 75
757 13
111 507
751 790
584 791
298 459
45 641
88 927
652 47
394 325
629 591
400 865
36 56
440 695
584 331
407 616
220 508
929 672
775 279
901 928
553 635
128 746
486 109
519 225
499 561
436 355
22 345
922 862
200 257
747 18
695 343
118 631
282 249
871 36
881 119
618 143
376 635
824 671
196 766
743 180
103 970
539 776
591 332
946 405
217 550
590 501
59 830
876 725
965 894
825 484
397 389
784 966
