49 327
945 489
596 812
391 764
287 591
138 809
478 241
781 556
385 940
406 520
699 143
860 794
67 661
842 166
72 731
36 581
389 827
474 169
368 521
195 2
295 927
947 149
809 969
811 517
49 351
698 502
96 370
969 172
156 952
127 117
392 46
407 475
374 890
271 667
572 435
354 276
236 351
192 822
492 881
967 40
422 227
624 1000
229 566
249 185
41 40
283 931
86 559
619 491
91 704
385 332
308 356
454 607
322 885
684 694
530 233
156 369
726 486
737 499
99 827
729 517
951 138
393 182
855 486
397 242
940 81
884 653
932 262
843 899
238 148
590 543
162 553
580 695
538 126
273 233
9 41
281 494
829 37
381 159
624 639
206 261
631 49
441 710
181 124
233 700
990 80
195 642
658 514
870 825
917 703
264 774
523 991
329 864
598 18
32 374
257 176
54 476
748 131
251 559
46 443
87 250
231 432
706 757
800 769
546 742
245 232
937 629
998 279
973 915
35 210
539 993
508 911
254 939
977 856
904 104
968 516
951 423
241 535
968 550
471 372
297 362
734 495
92 415
52 786
6 868
26 443
370 893
268 918
233 140
217 654
163 444
861 41
407 342
25 588
442 599
49 495
923 197
378 125
13 671
203 836
198 163
762 583
476 89
784 514
683 369
500 216
762 449
429 704
232 689
233 933
495 105
809 947
728 309
856 500
375 300
830 368
188 89
190 457
424 956
902 526
830 96
955 247
851 594
52 930
730 701
520 595
475 774
551 777
557 129
759 349
652 61
488 959
871 252
795 478
484 453
399 139
892 316
771 701
846 982
640 142
38 371
867 229
710 496
135 416
482 654
137 226
335 585
950 747
123 686
450 503
360 456
38 306
797 75
584 890
332 149
115 581
894 380
396 706
769 308
105 271
62 42
794 163
106 449
637 60
820 654
981 983
899 975
220 765
812 965
453 352
954 872
252 720
