240 805
982 712
232 933
250 675
740 185
950 7
640 446
624 396
551 781
746 562
743 669
438 713
166 889
195 270
302 846
486 508
763 340
709 852
835 712
684 829
67 712
110 692
848 324
977 403
464 523
45 654
29 44
31 891
654 727
761 321
470 773
213 335
309 681
33 575
717 511
642 760
789 357
676 226
61 379
190 388
334 494
379 204
490 447
602 868
456 51
115 77
467 114
429 604
633 911
621 5
641 975
811 852
544 963
237 768
50 367
685 602
375 27
104 123
161 683
407 506
142 673
226 264
769 417
220 562
172 525
252 477
534 763
413 50
663 986
889 747
665 837
356 837
423 397
621 224
471 118
527 120
633 8
260 433
791 519
63 721
172 673
824 424
162 31
999 889
349 392
621 819
58 936
88 161
137 567
906 339
677 985
189 619
819 914
125 963
745 918
113 154
914 689
586 625
636 38
315 762
929 346
191 251
358 46
710 411
604 384
870 623
838 599
584 851
280 457
418 850
303 859
968 815
270 618
724 651
503 741
12 831
145 217
979 303
536 367
298 351
129 71
870 222
31 596
347 637
901 863
335 174
121 727
8 497
412 665
247 743
221 744
496 86
991 37
884 632
476 658
24 472
190 228
189 806
370 708
132 407
26 581
940 586
758 802
635 435
168 175
482 871
427 448
365 40
461 427
883 496
751 69
588 70
155 18
158 380
919 66
901 661
159 496
979 738
465 467
654 663
570 659
441 359
411 868
407 451
265 295
802 689
347 732
849 278
412 581
690 788
838 945
999 307
764 870
412 419
753 466
390 630
247 965
391 14
134 786
887 898
432 445
198 861
565 913
749 924
964 563
234 213
344 176
652 318
306 887
797 245
60 62
822 149
189 602
857 930
280 169
154 260
949 600
16 56
35 169
682 213
59 925
77 824
46 469
945 835
274 830
829 413
16 122
274 327
746 267
925 766
207 841
517 91
738 516
996 818
458 765
886 455
53 668
947 838
792 935
312 507
594 675
46 735
794 559
469 280
624 270
663 538
388 852
542 877
25 979
377 685
590 48
112 882
117 455
736 16
829 452
791 484
440 817
256 127
567 793
406 500
476 378
630 43
