989 101
641 201
916 326
673 251
888 163
826 289
469 757
185 968
512 924
744 589
377 563
77 106
747 560
540 141
698 802
876 281
53 534
178 776
985 57
991 554
155 130
137 436
499 374
821 959
379 111
148 196
469 580
671 678
878 35
766 110
441 198
902 333
433 647
433 511
321 733
574 13
180 54
324 965
233 313
990 561
856 398
848 258
634 643
529 313
173 54
547 314
654 676
638 381
778 753
908 593
528 763
104 420
211 742
813 494
861 271
550 40
691 806
89 598
934 626
391 97
636 924
819 778
947 417
897 255
703 101
698 135
763 661
783 180
439 42
321 26
551 755
986 894
710 144
435 767
921 518
770 195
475 481
170 495
782 842
387 126
558 494
299 299
948 3
120 193
697 969
356 713
861 898
665 41
207 905
853 442
344 173
360 527
34 504
125 717
406 837
774 796
514 974
181 362
588 854
811 206
675 480
563 503
592 272
202 409
667 513
811 769
115 322
461 1
466 257
50 777
289 650
524 292
355 70
331 62
303 202
970 204
971 117
895 999
941 116
991 812
752 56
39 876
481 8
111 438
891 206
967 413
822 722
801 543
720 557
141 833
651 702
796 669
809 648
252 8
157 930
375 916
370 915
818 656
149 860
834 568
202 831
913 120
604 640
806 313
826 729
230 662
513 791
164 145
308 708
750 100
329 511
241 742
495 617
176 370
293 691
710 860
902 775
904 249
668 523
937 278
91 904
777 194
507 291
155 675
760 615
407 656
257 493
659 991
525 495
405 517
274 315
611 509
224 584
823 494
323 130
604 790
382 234
680 977
634 569
612 928
982 32
274 287
20 781
588 517
506 712
372 845
586 345
315 651
251 673
592 677
761 370
753 369
187 467
372 184
507 967
53 777
171 291
711 211
815 212
612 390
110 964
858 673
161 303
929 699
228 638
897 459
680 39
977 176
807 365
0 392
858 510
893 199
327 792
991 851
533 32
606 247
617 222
149 976
974 364
115 595
709 940
117 121
188 1
972 623
723 3
971 276
614 907
374 174
36 112
731 597
492 712
232 1
251 227
872 337
478 199
375 491
639 298
609 176
369 511
597 463
746 637
582 170
471 622
282 839
581 661
781 982
993 21
674 564
