425 820
519 126
886 354
336 664
471 28
893 693
601 113
263 795
891 141
914 900
202 890
352 462
911 335
544 709
497 99
827 423
517 981
722 278
514 16
818 971
817 914
582 103
585 838
558 40
496 424
606 853
134 60
926 748
61 680
11 326
240 432
323 405
477 810
753 303
849 431
97 636
400 549
40 935
612 429
847 67
903 581
786 33
743 93
734 913
913 344
633 732
189 513
85 975
806 225
789 932
851 822
941 53
77 893
271 192
772 132
272 353
505 123
625 536
479 37
62 293
942 173
539 863
900 69
244 789
263 687
883 470
70 565
688 586
425 19
208 672
244 512
969 447
926 986
784 384
923 836
999 171
762 87
505 244
582 33
459 774
734 231
39 302
204 374
903 940
230 519
634 689
731 745
794 80
983 632
958 526
394 782
826 10
121 160
770 337
324 896
31 767
51 184
384 553
918 309
14 628
453 235
577 719
143 66
386 770
690 74
70 255
909 965
799 955
557 121
322 558
801 961
407 66
96 66
351 715
806 514
597 994
168 975
282 87
295 572
86 606
622 982
665 812
117 525
420 174
993 642
372 635
969 589
859 145
285 334
80 230
981 694
958 750
709 48
195 521
625 745
492 625
270 215
151 703
60 842
438 33
198 636
655 261
3 400
306 372
853 683
415 431
903 273
185 235
73 930
931 327
885 332
285 176
985 321
22 342
237 972
459 173
827 880
783 323
364 282
901 394
272 444
910 89
411 890
305 119
620 908
687 238
731 460
270 984
406 159
852 139
93 783
377 536
587 704
599 410
440 523
748 115
178 780
773 438
16 456
71 242
371 952
75 188
802 477
219 732
311 722
339 389
494 274
809 762
460 1
609 235
452 42
818 943
773 438
661 82
743 30
719 533
44 185
862 950
548 637
444 27
382 6
635 733
341 287
266 320
332 23
56 988
255 615
507 278
19 445
667 478
609 74
811 922
353 219
764 990
769 315
132 993
947 272
342 225
645 86
800 205
18 691
661 658
277 324
828 399
799 506
880 84
575 633
882 712
412 626
262 400
3 74
672 230
691 651
752 890
348 425
87 595
612 234
249 663
113 769
