942 222
673 723
637 453
799 303
431 730
208 954
349 173
873 181
34 528
153 792
492 636
204 392
81 27
354 99
210 982
61 985
851 387
364 710
153 194
772 623
465 784
5 276
256 976
597 869
287 515
728 378
794 651
503 968
108 905
121 853
784 164
666 277
46 535
489 754
289 855
481 462
182 714
992 66
373 869
310 461
572 268
574 917
741 12
976 467
651 687
79 150
266 292
979 175
426 637
248 459
3 455
529 667
894 416
572 344
305 186
672 262
55 806
807 61
495 316
257 714
179 34
230 28
465 5
291 109
755 902
386 489
973 586
216 685
690 705
97 364
444 146
354 603
788 78
634 736
70 421
775 327
626 515
323 861
5 211
56 972
907 190
351 73
774 63
243 269
153 44
438 593
848 179
777 34
661 108
456 446
457 193
394 833
186 776
181 398
64 157
363 122
950 491
994 309
193 438
374 861
255 121
651 722
25 617
415 127
911 14
315 996
249 877
552 355
521 698
309 593
269 875
472 195
40 653
44 495
539 184
79 556
501 930
665 653
689 703
445 610
241 328
625 425
738 307
458 848
580 952
235 937
278 291
323 105
868 599
772 332
25 331
175 866
234 351
793 172
172 849
898 708
140 64
371 507
685 130
460 424
281 206
554 235
284 543
719 45
785 575
95 405
545 132
606 946
260 341
639 743
613 649
368 994
571 238
482 31
589 373
106 411
980 344
500 977
794 58
452 975
522 363
467 890
65 995
322 400
150 270
151 616
436 28
172 990
153 395
245 909
463 624
916 893
124 118
389 190
552 191
579 75
631 33
166 659
119 125
53 426
249 421
823 422
466 241
695 24
692 276
657 671
767 370
221 299
313 694
144 189
907 241
168 784
521 41
15 541
194 192
174 70
54 768
921 739
928 196
676 409
789 619
441 270
299 285
966 990
661 750
597 621
514 527
669 598
131 495
30 397
680 894
538 509
684 662
167 515
922 633
328 201
738 329
781 579
946 497
318 395
81 788
202 478
113 257
976 102
633 786
671 519
29 943
565 783
580 418
446 905
983 761
595 14
92 52
221 615
893 951
246 803
885 77
757 207
44 496
424 513
382 268
148 193
797 70
146 828
161 409
558 694
97 128
709 985
870 769
990 316
294 743
815 919
258 714
937 783
441 123
159 354
363 721
47 148
664 276
870 4
85 19
144 647
133 892
384 638
350 904
212 713
765 743
50 398
308 346
706 143
226 220
845 965
411 941
105 500
350 660
696 477
526 321
462 900
175 410
839 17
56 502
449 799
883 233
