818 898
418 206
215 655
578 730
331 901
438 565
853 652
711 907
864 188
730 575
681 629
430 76
560 988
965 647
826 425
340 748
194 173
22 432
961 220
800 19
694 280
37 434
710 782
81 228
507 5
259 90
118 881
978 326
14 89
632 892
216 370
107 787
674 430
68 936
256 959
440 757
982 342
714 637
807 534
167 79
963 35
988 7
161 101
81 956
658 470
53 917
463 825
733 477
997 333
395 763
236 453
127 696
702 844
124 41
983 888
70 387
109 553
204 811
674 766
379 920
10 352
863 227
291 207
265 780
132 463
694 771
606 959
11 635
999 425
780 341
961 689
970 949
837 173
911 389
303 722
787 582
508 103
448 898
78 767
240 972
707 94
674 194
534 388
421 977
770 162
59 179
363 904
926 807
739 151
314 894
590 671
604 345
617 635
655 606
975 575
731 294
307 421
160 54
201 756
892 95
441 112
274 104
718 686
522 838
224 88
728 311
35 114
441 225
327 719
286 815
653 595
99 231
318 209
584 306
245 428
399 142
393 745
18 861
203 610
853 775
459 274
528 784
354 400
916 267
289 614
564 59
139 956
621 679
141 998
888 425
103 351
339 282
884 54
23 305
100 725
418 644
565 156
229 574
175 399
168 177
1000 500
125 978
867 817
771 213
448 207
599 140
856 332
292 997
805 918
443 970
453 234
711 963
613 137
700 933
454 702
253 928
12 826
400 336
323 2
832 640
341 642
518 394
820 76
452 628
830 996
597 308
754 481
994 657
539 593
591 941
131 806
738 134
292 509
827 946
203 281
643 60
330 161
440 538
216 257
132 282
355 409
887 837
105 55
995 735
799 304
214 605
822 302
765 925
574 145
574 9
506 176
853 740
914 196
7 530
298 123
772 582
912 487
372 443
104 396
108 398
332 408
704 758
283 474
896 67
820 531
590 390
46 967
810 169
890 279
599 494
689 806
507 778
914 479
110 798
6 962
383 697
565 775
889 988
54 179
992 351
731 994
53 674
198 861
25 700
474 967
239 699
658 342
871 290
892 217
161 439
964 773
29 361
